Z-Matrix:
C 
O 1 R1 
H 1 R2 2 A2 
H 1 R3 2 A3 3 D3 
H 1 R4 2 A4 3 D4 
H 2 R5 1 A5 3 D5 

R1  = 2.67535  
R2  = 2.06501   
R3  = 2.06501
R4  = 2.06458
R5  = 1.83748
A2  = 109.528  
A3  = 109.528   
A4  = 108.982   
A5  = 107.091   
D3  = 120.808        
D4  = 240.404        
D5  = 299.596
