N  
H  1    R1 
H  1    R2  2    A2 
H  1    R3  2    A3  3    D3 

R1   =   1.024768
R2   =   1.024773
A2   = 104.307000
R3   =   1.024768
A3   = 104.308000
D3   = 109.160000