C  
H  1    R1 
H  1    R2  2    A2 
H  1    R3  2    A3  3    D3 
H  1    R4  2    A4  3    D4 
X  5    R5  1    A5  2    D5 
H  5    R6  6    A6  1    D6 

R1   =   1.091400
R2   =   1.091400
A2   = 112.078100
R3   =   1.091400
A3   = 112.062700
D3   = 126.989400
R4   =   1.213800
A4   = 106.748400
D4   = 243.467500
A6   =  89.983500
D6   = 180.001600
A5   =  90.000000
D5   = 180.000000
R5   =   1.000000
R6   =   1.025700