C  
H  1    R1 
H  1    R2  2    A2 
H  1    R3  2    A3  3    D3 
H  1    R4  2    A4  3    D4 
X  5    R5  1    A5  2    D5 
H  5    R6  6    A6  1    D6 

R1   =   1.093000
R2   =   1.093000
A2   = 110.130700
R3   =   1.093000
A3   = 110.128400
D3   = 121.646100
R4   =   1.115400
A4   = 108.807000
D4   = 240.819900
D6   = 179.999700
A6   =  90.011000
R5   =   1.000000
A5   =  90.000000
D5   = 180.000000
R6   =   1.454300