N  
H  1    R1 
H  1    R2  2    A2 
H  1    R3  2    A3  3    D3 

R1   =   1.019121
R2   =   1.019121
A2   = 105.820000
R3   =   1.019121
A3   = 105.819000
D3   = 112.009000