C  
H  1    R1 
H  1    R2  2    A2 
H  1    R3  2    A3  3    D3 
H  1    R4  2    A4  3    D4 
X  5    R5  1    A5  2    D5 
H  5    R6  6    A6  1    D6 

R1   =   1.092300
R2   =   1.092200
A2   = 111.111200
R3   =   1.092300
A3   = 111.090200
D3   = 124.240400
R4   =   1.157500
A4   = 107.805300
D4   = 242.081100
D6   = 180.001000
A6   =  89.899600
R5   =   1.000000
A5   =  90.000000
D5   = 180.000000
R6   =   1.168600