C  
H  1    R1 
H  1    R2  2    A2 
H  1    R3  2    A3  3    D3 
H  1    R4  2    A4  3    D4 
X  5    R5  1    A5  2    D5 
H  5    R6  6    A6  1    D6 

R1   =   1.082800
R2   =   1.082700
A2   = 120.026000
R3   =   1.082800
A3   = 119.935800
D3   = 177.403700
R4   =   2.895500
A4   =  90.798500
D4   = 268.497300
D6   = 180.031600
A6   =  90.275300
R5   =   1.000000
A5   =  90.000000
D5   = 180.000000
R6   =   0.740000