C  
H  1    R1 
H  1    R2  2    A2 
H  1    R3  2    A3  3    D3 
H  1    R4  2    A4  3    D4 
X  5    R5  1    A5  2    D5 
H  5    R6  6    A6  1    D6 

R1   =   1.088300
R2   =   1.088300
A2   = 114.933400
R3   =   1.088300
A3   = 114.948000
D3   = 136.808400
R4   =   1.423500
A4   = 103.184700
D4   = 248.397600
A6   =  90.046900
D6   = 179.982600
R6   =   0.890600
A5   =  90.000000
D5   = 180.000000
R5   =   1.000000