C  
H  1    R1 
H  1    R2  2    A2 
H  1    R3  2    A3  3    D3 

R1   =   1.091179
R2   =   1.091174
A2   = 120.000000
R3   =   1.091174
A3   = 120.000000
D3   = 180.000000