O  
O  1    R1 
H  1    R2  2    A2 
H  2    R3  1    A3  3    D3 

R1   =   1.455306
R2   =   0.973633
A2   =  99.711700
R3   =   0.973633
A3   =  99.711700
D3   = 241.415000