O  
O  1    R1 
H  1    R2  2    A2 
H  2    R3  1    A3  3    D3 

R1   =   1.452808
R2   =   0.973273
A2   =  99.849500
R3   =   0.973273
A3   =  99.849500
D3   = 117.720000