C  
H  1    R1 
H  1    R2  2    A2 
H  1    R3  2    A3  3    D3 
H  1    R4  2    A4  3    D4 
X  5    R5  1    A5  2    D5 
H  5    R6  6    A6  1    D6 

R1   =   1.093200
R2   =   1.093200
A2   = 109.881100
R3   =   1.093200
A3   = 109.876300
D3   = 121.004800
R4   =   1.106600
A4   = 109.065700
D4   = 240.495700
D6   = 180.000000
A6   =  90.071400
R5   =   1.000000
A5   =  90.000000
D5   = 180.000000
R6   =   1.597100