CH3OH
Sampling point1
Energy
0.044256360651596424
Geometry
 6

C   -0.658367  -0.019980   0.000182
O    0.744784   0.122137  -0.000084
H   -1.040344  -0.428982   0.947665
H   -1.077284   0.980890  -0.127820
H   -1.022010  -0.649283  -0.825418
H    1.131567  -0.759844   0.005155
Gradient
6.772400000000000414e-05 -5.731059999999999844e-04 -4.338020000000000049e-04
1.389200000000000015e-05 1.707339999999999954e-04 9.338499999999999579e-04
-4.473400000000000233e-05 4.978330000000000428e-04 2.052679999999999869e-04
3.516900000000000158e-05 -4.399099999999999945e-05 -2.496699999999999999e-05
-8.753300000000000371e-05 -5.779799999999999787e-05 1.283000000000000040e-06
1.548199999999999848e-05 6.328000000000000230e-06 -6.816329999999999568e-04
Hessian
5.158700000000000507e-01 -2.281000000000000041e-02 5.400000000000000069e-04 -2.676700000000000190e-01 8.139999999999999666e-03 1.649999999999999991e-03 -7.215000000000000580e-02 -2.589999999999999941e-02 6.214999999999999691e-02 -8.006000000000000616e-02 9.213000000000000356e-02 -1.188999999999999953e-02 -7.127000000000000002e-02 -3.925000000000000017e-02 -5.172000000000000208e-02 -2.471999999999999892e-02 -1.230000000000000017e-02 -7.299999999999999632e-04
-2.281000000000000041e-02 6.190099999999999492e-01 -1.430000000000000064e-03 -4.232999999999999957e-02 -9.964000000000000634e-02 -5.000000000000000104e-04 -2.409999999999999989e-02 -9.130000000000000615e-02 8.136000000000000176e-02 7.957000000000000184e-02 -2.914399999999999769e-01 3.041999999999999912e-02 -3.604000000000000259e-02 -1.391900000000000082e-01 -1.105700000000000016e-01 4.571000000000000063e-02 2.569999999999999802e-03 7.200000000000000453e-04
5.400000000000000069e-04 -1.430000000000000064e-03 5.734099999999999753e-01 5.000000000000000240e-05 1.000000000000000048e-04 -6.428000000000000380e-02 6.087000000000000050e-02 8.024000000000000576e-02 -2.476899999999999935e-01 -1.048999999999999932e-02 3.014000000000000012e-02 -5.818000000000000255e-02 -5.020000000000000157e-02 -1.091700000000000031e-01 -2.022599999999999953e-01 -7.799999999999999859e-04 1.100000000000000039e-04 -9.899999999999999946e-04
-2.676700000000000190e-01 -4.232999999999999957e-02 5.000000000000000240e-05 4.695500000000000229e-01 -1.454499999999999960e-01 -1.309999999999999967e-03 -3.150000000000000022e-02 -5.610000000000000403e-03 6.279999999999999992e-03 -2.709999999999999909e-02 7.500000000000000156e-04 -3.000000000000000076e-05 -3.020000000000000115e-02 -5.740000000000000310e-03 -4.870000000000000197e-03 -1.130599999999999938e-01 1.983800000000000008e-01 -1.299999999999999886e-04
8.139999999999999666e-03 -9.964000000000000634e-02 1.000000000000000048e-04 -1.454499999999999960e-01 5.427699999999999747e-01 -1.469999999999999953e-03 -1.589000000000000135e-02 3.500000000000000073e-03 -2.069999999999999792e-03 3.756999999999999923e-02 8.449999999999999178e-03 -9.600000000000000243e-04 -2.327999999999999861e-02 3.109999999999999917e-03 3.239999999999999825e-03 1.388999999999999957e-01 -4.581999999999999962e-01 1.160000000000000007e-03
1.649999999999999991e-03 -5.000000000000000104e-04 -6.428000000000000380e-02 -1.309999999999999967e-03 -1.469999999999999953e-03 4.728000000000000258e-02 3.108999999999999958e-02 1.379999999999999933e-03 1.020000000000000073e-02 -3.079999999999999839e-03 -1.180000000000000059e-03 2.069999999999999792e-03 -2.766000000000000056e-02 -3.800000000000000209e-04 8.040000000000000271e-03 -6.899999999999999667e-04 2.150000000000000001e-03 -3.310000000000000008e-03
-7.215000000000000580e-02 -2.409999999999999989e-02 6.087000000000000050e-02 -3.150000000000000022e-02 -1.589000000000000135e-02 3.108999999999999958e-02 9.113000000000000267e-02 3.420000000000000123e-02 -7.542999999999999705e-02 5.640000000000000048e-03 3.220000000000000206e-03 -1.038000000000000034e-02 5.839999999999999705e-03 4.020000000000000136e-03 -6.890000000000000291e-03 1.039999999999999909e-03 -1.449999999999999900e-03 7.299999999999999632e-04
-2.589999999999999941e-02 -9.130000000000000615e-02 8.024000000000000576e-02 -5.610000000000000403e-03 3.500000000000000073e-03 1.379999999999999933e-03 3.420000000000000123e-02 8.891999999999999904e-02 -9.038000000000000200e-02 -8.920000000000000845e-03 -9.780000000000000498e-03 2.853999999999999940e-02 5.960000000000000020e-03 8.510000000000000203e-03 -1.836000000000000132e-02 2.700000000000000035e-04 1.499999999999999869e-04 -1.410000000000000012e-03
6.214999999999999691e-02 8.136000000000000176e-02 -2.476899999999999935e-01 6.279999999999999992e-03 -2.069999999999999792e-03 1.020000000000000073e-02 -7.542999999999999705e-02 -9.038000000000000200e-02 2.615199999999999747e-01 2.300000000000000070e-04 3.699999999999999947e-04 -2.360000000000000119e-03 6.100000000000000387e-03 1.067000000000000066e-02 -2.170000000000000054e-02 6.700000000000000226e-04 4.000000000000000327e-05 4.000000000000000327e-05
-8.006000000000000616e-02 7.957000000000000184e-02 -1.048999999999999932e-02 -2.709999999999999909e-02 3.756999999999999923e-02 -3.079999999999999839e-03 5.640000000000000048e-03 -8.920000000000000845e-03 2.300000000000000070e-04 1.041399999999999965e-01 -9.943000000000000449e-02 1.234000000000000027e-02 5.360000000000000181e-03 -8.550000000000000308e-03 2.139999999999999975e-03 -7.969999999999999654e-03 -2.500000000000000052e-04 -1.139999999999999954e-03
9.213000000000000356e-02 -2.914399999999999769e-01 3.014000000000000012e-02 7.500000000000000156e-04 8.449999999999999178e-03 -1.180000000000000059e-03 3.220000000000000206e-03 -9.780000000000000498e-03 3.699999999999999947e-04 -9.943000000000000449e-02 3.059999999999999942e-01 -3.293000000000000094e-02 5.660000000000000100e-03 -1.566999999999999990e-02 3.389999999999999784e-03 -2.320000000000000014e-03 2.429999999999999868e-03 2.000000000000000096e-04
-1.188999999999999953e-02 3.041999999999999912e-02 -5.818000000000000255e-02 -3.000000000000000076e-05 -9.600000000000000243e-04 2.069999999999999792e-03 -1.038000000000000034e-02 2.853999999999999940e-02 -2.360000000000000119e-03 1.234000000000000027e-02 -3.293000000000000094e-02 5.362999999999999712e-02 9.639999999999999264e-03 -2.492000000000000118e-02 4.360000000000000160e-03 3.299999999999999982e-04 -1.399999999999999877e-04 4.800000000000000122e-04
-7.127000000000000002e-02 -3.604000000000000259e-02 -5.020000000000000157e-02 -3.020000000000000115e-02 -2.327999999999999861e-02 -2.766000000000000056e-02 5.839999999999999705e-03 5.960000000000000020e-03 6.100000000000000387e-03 5.360000000000000181e-03 5.660000000000000100e-03 9.639999999999999264e-03 8.838999999999999635e-02 4.941000000000000253e-02 6.230000000000000121e-02 1.879999999999999944e-03 -1.709999999999999932e-03 -1.800000000000000113e-04
-3.925000000000000017e-02 -1.391900000000000082e-01 -1.091700000000000031e-01 -5.740000000000000310e-03 3.109999999999999917e-03 -3.800000000000000209e-04 4.020000000000000136e-03 8.510000000000000203e-03 1.067000000000000066e-02 -8.550000000000000308e-03 -1.566999999999999990e-02 -2.492000000000000118e-02 4.941000000000000253e-02 1.422400000000000053e-01 1.222700000000000037e-01 1.100000000000000039e-04 1.000000000000000021e-03 1.529999999999999893e-03
-5.172000000000000208e-02 -1.105700000000000016e-01 -2.022599999999999953e-01 -4.870000000000000197e-03 3.239999999999999825e-03 8.040000000000000271e-03 -6.890000000000000291e-03 -1.836000000000000132e-02 -2.170000000000000054e-02 2.139999999999999975e-03 3.389999999999999784e-03 4.360000000000000160e-03 6.230000000000000121e-02 1.222700000000000037e-01 2.111599999999999866e-01 -9.700000000000000505e-04 4.000000000000000327e-05 4.000000000000000192e-04
-2.471999999999999892e-02 4.571000000000000063e-02 -7.799999999999999859e-04 -1.130599999999999938e-01 1.388999999999999957e-01 -6.899999999999999667e-04 1.039999999999999909e-03 2.700000000000000035e-04 6.700000000000000226e-04 -7.969999999999999654e-03 -2.320000000000000014e-03 3.299999999999999982e-04 1.879999999999999944e-03 1.100000000000000039e-04 -9.700000000000000505e-04 1.428300000000000125e-01 -1.826699999999999990e-01 1.440000000000000091e-03
-1.230000000000000017e-02 2.569999999999999802e-03 1.100000000000000039e-04 1.983800000000000008e-01 -4.581999999999999962e-01 2.150000000000000001e-03 -1.449999999999999900e-03 1.499999999999999869e-04 4.000000000000000327e-05 -2.500000000000000052e-04 2.429999999999999868e-03 -1.399999999999999877e-04 -1.709999999999999932e-03 1.000000000000000021e-03 4.000000000000000327e-05 -1.826699999999999990e-01 4.520500000000000074e-01 -2.200000000000000133e-03
-7.299999999999999632e-04 7.200000000000000453e-04 -9.899999999999999946e-04 -1.299999999999999886e-04 1.160000000000000007e-03 -3.310000000000000008e-03 7.299999999999999632e-04 -1.410000000000000012e-03 4.000000000000000327e-05 -1.139999999999999954e-03 2.000000000000000096e-04 4.800000000000000122e-04 -1.800000000000000113e-04 1.529999999999999893e-03 4.000000000000000192e-04 1.440000000000000091e-03 -2.200000000000000133e-03 3.380000000000000192e-03

Sampling point2
Energy
0.12701293756379256
Geometry
 6

C   -0.658518  -0.020259   0.000366
O    0.744893   0.122305  -0.000283
H   -1.047024  -0.344364   0.977599
H   -1.077701   0.965167  -0.216938
H   -1.016394  -0.718811  -0.769825
H    1.133085  -0.758878   0.009232
Gradient
8.027899999999999489e-05 -9.172790000000000110e-04 -6.659360000000000019e-04
4.679699999999999935e-05 2.337159999999999965e-04 1.529682999999999998e-03
-6.472299999999999679e-05 8.547189999999999866e-04 2.633539999999999861e-04
-3.638999999999999803e-06 -7.496000000000000059e-05 -2.662200000000000024e-05
-1.407489999999999902e-04 -9.642000000000000180e-05 1.465599999999999995e-05
8.203599999999999857e-05 2.249999999999999898e-07 -1.115136000000000079e-03
Hessian
5.156300000000000328e-01 -2.213000000000000037e-02 1.030000000000000100e-03 -2.673400000000000221e-01 8.659999999999999296e-03 2.680000000000000090e-03 -7.255999999999999950e-02 -2.053999999999999923e-02 6.532999999999999918e-02 -7.969999999999999307e-02 9.014999999999999403e-02 -2.002999999999999919e-02 -7.133000000000000451e-02 -4.358000000000000068e-02 -4.782000000000000139e-02 -2.469000000000000014e-02 -1.255999999999999998e-02 -1.180000000000000059e-03
-2.213000000000000037e-02 6.180600000000000538e-01 -1.729999999999999984e-03 -4.236999999999999794e-02 -9.952999999999999348e-02 -7.799999999999999859e-04 -1.916999999999999954e-02 -7.839000000000000135e-02 6.615999999999999659e-02 7.802000000000000601e-02 -2.835799999999999987e-01 5.054999999999999771e-02 -3.980999999999999817e-02 -1.592000000000000082e-01 -1.153700000000000003e-01 4.546000000000000041e-02 2.639999999999999986e-03 1.160000000000000007e-03
1.030000000000000100e-03 -1.729999999999999984e-03 5.741899999999999782e-01 1.399999999999999877e-04 1.900000000000000105e-04 -6.385000000000000397e-02 6.413000000000000644e-02 6.514999999999999958e-02 -2.596899999999999764e-01 -1.772999999999999923e-02 5.011999999999999789e-02 -6.536000000000000143e-02 -4.624999999999999944e-02 -1.139199999999999935e-01 -1.839200000000000002e-01 -1.319999999999999993e-03 1.800000000000000113e-04 -1.360000000000000098e-03
-2.673400000000000221e-01 -4.236999999999999794e-02 1.399999999999999877e-04 4.698200000000000154e-01 -1.469000000000000028e-01 -1.969999999999999963e-03 -3.187999999999999862e-02 -5.349999999999999721e-03 6.689999999999999766e-03 -2.733999999999999972e-02 8.599999999999999789e-04 -1.200000000000000030e-04 -2.968000000000000152e-02 -5.599999999999999943e-03 -4.320000000000000055e-03 -1.135899999999999965e-01 1.993699999999999917e-01 -4.299999999999999894e-04
8.659999999999999296e-03 -9.952999999999999348e-02 1.900000000000000105e-04 -1.469000000000000028e-01 5.425799999999999512e-01 -2.929999999999999879e-03 -1.294999999999999971e-02 3.749999999999999861e-03 -1.569999999999999998e-03 3.701000000000000123e-02 8.330000000000000598e-03 -1.629999999999999939e-03 -2.549999999999999836e-02 3.079999999999999839e-03 3.530000000000000152e-03 1.396799999999999986e-01 -4.582100000000000062e-01 2.399999999999999790e-03
2.680000000000000090e-03 -7.799999999999999859e-04 -6.385000000000000397e-02 -1.969999999999999963e-03 -2.929999999999999879e-03 4.599000000000000310e-02 3.173999999999999738e-02 1.719999999999999958e-03 1.077000000000000006e-02 -5.259999999999999919e-03 -1.959999999999999937e-03 2.510000000000000078e-03 -2.588999999999999982e-02 -6.000000000000000152e-05 7.150000000000000105e-03 -1.299999999999999940e-03 4.009999999999999676e-03 -2.569999999999999802e-03
-7.255999999999999950e-02 -1.916999999999999954e-02 6.413000000000000644e-02 -3.187999999999999862e-02 -1.294999999999999971e-02 3.173999999999999738e-02 9.220000000000000417e-02 2.784000000000000016e-02 -7.932999999999999774e-02 5.760000000000000363e-03 2.340000000000000066e-03 -1.047000000000000014e-02 5.810000000000000060e-03 3.350000000000000113e-03 -7.089999999999999948e-03 6.800000000000000488e-04 -1.410000000000000012e-03 1.020000000000000073e-03
-2.053999999999999923e-02 -7.839000000000000135e-02 6.514999999999999958e-02 -5.349999999999999721e-03 3.749999999999999861e-03 1.719999999999999958e-03 2.784000000000000016e-02 7.452000000000000290e-02 -7.373000000000000387e-02 -8.899999999999999925e-03 -7.400000000000000328e-03 2.912000000000000005e-02 6.660000000000000121e-03 7.609999999999999577e-03 -2.094000000000000028e-02 2.900000000000000017e-04 -9.000000000000000567e-05 -1.309999999999999967e-03
6.532999999999999918e-02 6.615999999999999659e-02 -2.596899999999999764e-01 6.689999999999999766e-03 -1.569999999999999998e-03 1.077000000000000006e-02 -7.932999999999999774e-02 -7.373000000000000387e-02 2.747700000000000142e-01 1.100000000000000066e-03 9.200000000000000278e-04 -5.130000000000000011e-03 5.700000000000000205e-03 8.099999999999999561e-03 -2.066000000000000128e-02 5.100000000000000366e-04 1.200000000000000030e-04 -6.000000000000000152e-05
-7.969999999999999307e-02 7.802000000000000601e-02 -1.772999999999999923e-02 -2.733999999999999972e-02 3.701000000000000123e-02 -5.259999999999999919e-03 5.760000000000000363e-03 -8.899999999999999925e-03 1.100000000000000066e-03 1.038599999999999940e-01 -9.755999999999999395e-02 2.087999999999999926e-02 5.279999999999999971e-03 -8.250000000000000389e-03 2.909999999999999826e-03 -7.860000000000000667e-03 -3.200000000000000262e-04 -1.899999999999999996e-03
9.014999999999999403e-02 -2.835799999999999987e-01 5.011999999999999789e-02 8.599999999999999789e-04 8.330000000000000598e-03 -1.959999999999999937e-03 2.340000000000000066e-03 -7.400000000000000328e-03 9.200000000000000278e-04 -9.755999999999999395e-02 2.975200000000000067e-01 -5.476000000000000312e-02 6.459999999999999597e-03 -1.726000000000000104e-02 5.349999999999999721e-03 -2.259999999999999856e-03 2.390000000000000197e-03 3.200000000000000262e-04
-2.002999999999999919e-02 5.054999999999999771e-02 -6.536000000000000143e-02 -1.200000000000000030e-04 -1.629999999999999939e-03 2.510000000000000078e-03 -1.047000000000000014e-02 2.912000000000000005e-02 -5.130000000000000011e-03 2.087999999999999926e-02 -5.476000000000000312e-02 6.144000000000000156e-02 9.169999999999999332e-03 -2.302999999999999839e-02 6.179999999999999730e-03 5.699999999999999772e-04 -2.500000000000000052e-04 3.600000000000000227e-04
-7.133000000000000451e-02 -3.980999999999999817e-02 -4.624999999999999944e-02 -2.968000000000000152e-02 -2.549999999999999836e-02 -2.588999999999999982e-02 5.810000000000000060e-03 6.660000000000000121e-03 5.700000000000000205e-03 5.279999999999999971e-03 6.459999999999999597e-03 9.169999999999999332e-03 8.781999999999999529e-02 5.403999999999999776e-02 5.734000000000000208e-02 2.109999999999999896e-03 -1.860000000000000108e-03 -8.000000000000000654e-05
-4.358000000000000068e-02 -1.592000000000000082e-01 -1.139199999999999935e-01 -5.599999999999999943e-03 3.079999999999999839e-03 -6.000000000000000152e-05 3.350000000000000113e-03 7.609999999999999577e-03 8.099999999999999561e-03 -8.250000000000000389e-03 -1.726000000000000104e-02 -2.302999999999999839e-02 5.403999999999999776e-02 1.644500000000000128e-01 1.274099999999999955e-01 4.000000000000000327e-05 1.319999999999999993e-03 1.510000000000000057e-03
-4.782000000000000139e-02 -1.153700000000000003e-01 -1.839200000000000002e-01 -4.320000000000000055e-03 3.530000000000000152e-03 7.150000000000000105e-03 -7.089999999999999948e-03 -2.094000000000000028e-02 -2.066000000000000128e-02 2.909999999999999826e-03 5.349999999999999721e-03 6.179999999999999730e-03 5.734000000000000208e-02 1.274099999999999955e-01 1.907000000000000084e-01 -1.030000000000000100e-03 3.000000000000000076e-05 5.500000000000000331e-04
-2.469000000000000014e-02 4.546000000000000041e-02 -1.319999999999999993e-03 -1.135899999999999965e-01 1.396799999999999986e-01 -1.299999999999999940e-03 6.800000000000000488e-04 2.900000000000000017e-04 5.100000000000000366e-04 -7.860000000000000667e-03 -2.259999999999999856e-03 5.699999999999999772e-04 2.109999999999999896e-03 4.000000000000000327e-05 -1.030000000000000100e-03 1.433500000000000052e-01 -1.832199999999999940e-01 2.560000000000000209e-03
-1.255999999999999998e-02 2.639999999999999986e-03 1.800000000000000113e-04 1.993699999999999917e-01 -4.582100000000000062e-01 4.009999999999999676e-03 -1.410000000000000012e-03 -9.000000000000000567e-05 1.200000000000000030e-04 -3.200000000000000262e-04 2.390000000000000197e-03 -2.500000000000000052e-04 -1.860000000000000108e-03 1.319999999999999993e-03 3.000000000000000076e-05 -1.832199999999999940e-01 4.519599999999999729e-01 -4.080000000000000293e-03
-1.180000000000000059e-03 1.160000000000000007e-03 -1.360000000000000098e-03 -4.299999999999999894e-04 2.399999999999999790e-03 -2.569999999999999802e-03 1.020000000000000073e-03 -1.309999999999999967e-03 -6.000000000000000152e-05 -1.899999999999999996e-03 3.200000000000000262e-04 3.600000000000000227e-04 -8.000000000000000654e-05 1.510000000000000057e-03 5.500000000000000331e-04 2.560000000000000209e-03 -4.080000000000000293e-03 3.079999999999999839e-03

Sampling point3
Energy
0.16718170150831452
Geometry
 6

C    0.658580  -0.018623  -0.000131
O   -0.744953   0.122439   0.000653
H    1.011523  -0.741548  -0.749709
H    1.079886   0.960048  -0.241637
H    1.047926  -0.326810   0.982084
H   -1.131195  -0.759465   0.004821
Gradient
4.195399999999999846e-05 9.567930000000000532e-04 -1.199378000000000076e-03
1.010899999999999927e-05 -2.057910000000000089e-04 1.735271999999999943e-03
-7.659400000000000561e-05 -8.003500000000000197e-04 7.427039999999999554e-04
-1.042499999999999929e-05 1.825500000000000056e-05 -2.034300000000000157e-05
-2.455000000000000042e-05 2.264099999999999888e-05 -1.827700000000000136e-05
5.950699999999999794e-05 8.450999999999999216e-06 -1.239978000000000087e-03
Hessian
5.157699999999999507e-01 2.295000000000000165e-02 -1.160000000000000007e-03 -2.674900000000000055e-01 -8.940000000000000030e-03 -3.010000000000000089e-03 -7.083000000000000407e-02 4.438000000000000278e-02 4.596999999999999698e-02 -8.032000000000000250e-02 -9.028999999999999526e-02 2.247000000000000039e-02 -7.238999999999999602e-02 1.924000000000000016e-02 -6.568000000000000227e-02 -2.474000000000000157e-02 1.265999999999999938e-02 1.420000000000000038e-03
2.295000000000000165e-02 6.213400000000000034e-01 -3.160000000000000048e-03 4.266999999999999960e-02 -9.968000000000000471e-02 -1.069999999999999988e-03 4.028999999999999942e-02 -1.664700000000000069e-01 -1.160400000000000043e-01 -7.840999999999999359e-02 -2.813399999999999790e-01 5.603000000000000341e-02 1.796999999999999986e-02 -7.639999999999999569e-02 6.289000000000000146e-02 -4.546999999999999653e-02 2.560000000000000209e-03 1.360000000000000098e-03
-1.160000000000000007e-03 -3.160000000000000048e-03 5.715700000000000225e-01 2.200000000000000078e-04 6.999999999999999387e-05 -6.353000000000000314e-02 4.426999999999999685e-02 -1.147600000000000009e-01 -1.771399999999999919e-01 1.997000000000000164e-02 5.553999999999999909e-02 -6.798999999999999488e-02 -6.444999999999999341e-02 6.208999999999999936e-02 -2.614400000000000057e-01 1.160000000000000007e-03 2.200000000000000078e-04 -1.469999999999999953e-03
-2.674900000000000055e-01 4.266999999999999960e-02 2.200000000000000078e-04 4.693300000000000249e-01 1.464399999999999868e-01 3.239999999999999825e-03 -2.969000000000000111e-02 5.579999999999999891e-03 4.199999999999999740e-03 -2.716999999999999971e-02 -8.800000000000000313e-04 1.499999999999999869e-04 -3.214000000000000190e-02 5.329999999999999669e-03 -6.830000000000000134e-03 -1.128500000000000059e-01 -1.991400000000000114e-01 -9.700000000000000505e-04
-8.940000000000000030e-03 -9.968000000000000471e-02 6.999999999999999387e-05 1.464399999999999868e-01 5.439500000000000446e-01 4.000000000000000192e-04 2.619000000000000147e-02 3.079999999999999839e-03 3.550000000000000204e-03 -3.665000000000000202e-02 8.340000000000000191e-03 -1.809999999999999977e-03 1.217999999999999985e-02 3.889999999999999795e-03 -1.479999999999999979e-03 -1.392200000000000104e-01 -4.595600000000000240e-01 -7.299999999999999632e-04
-3.010000000000000089e-03 -1.069999999999999988e-03 -6.353000000000000314e-02 3.239999999999999825e-03 4.000000000000000192e-04 4.528999999999999693e-02 2.548999999999999877e-02 -3.000000000000000076e-05 6.790000000000000029e-03 5.740000000000000310e-03 -2.190000000000000106e-03 2.660000000000000038e-03 -3.191000000000000086e-02 1.770000000000000089e-03 1.098000000000000018e-02 4.499999999999999877e-04 1.110000000000000092e-03 -2.190000000000000106e-03
-7.083000000000000407e-02 4.028999999999999942e-02 4.426999999999999685e-02 -2.969000000000000111e-02 2.619000000000000147e-02 2.548999999999999877e-02 8.730999999999999872e-02 -5.494000000000000272e-02 -5.509000000000000008e-02 5.230000000000000274e-03 -6.720000000000000279e-03 -9.129999999999999227e-03 5.819999999999999653e-03 -6.779999999999999569e-03 -5.610000000000000403e-03 2.150000000000000001e-03 1.949999999999999910e-03 6.000000000000000152e-05
4.438000000000000278e-02 -1.664700000000000069e-01 -1.147600000000000009e-01 5.579999999999999891e-03 3.079999999999999839e-03 -3.000000000000000076e-05 -5.494000000000000272e-02 1.719900000000000040e-01 1.282200000000000006e-01 8.089999999999999969e-03 -1.739999999999999880e-02 -2.227000000000000160e-02 -3.079999999999999839e-03 7.360000000000000223e-03 7.349999999999999763e-03 -2.000000000000000164e-05 1.440000000000000091e-03 1.479999999999999979e-03
4.596999999999999698e-02 -1.160400000000000043e-01 -1.771399999999999919e-01 4.199999999999999740e-03 3.550000000000000204e-03 6.790000000000000029e-03 -5.509000000000000008e-02 1.282200000000000006e-01 1.838100000000000012e-01 -3.170000000000000075e-03 6.069999999999999875e-03 6.689999999999999766e-03 7.040000000000000251e-03 -2.181999999999999912e-02 -2.079999999999999905e-02 1.049999999999999935e-03 2.000000000000000164e-05 6.400000000000000524e-04
-8.032000000000000250e-02 -7.840999999999999359e-02 1.997000000000000164e-02 -2.716999999999999971e-02 -3.665000000000000202e-02 5.740000000000000310e-03 5.230000000000000274e-03 8.089999999999999969e-03 -3.170000000000000075e-03 1.042300000000000032e-01 9.778000000000000580e-02 -2.342999999999999944e-02 5.810000000000000060e-03 8.850000000000000228e-03 -1.280000000000000105e-03 -7.790000000000000049e-03 3.400000000000000244e-04 2.170000000000000054e-03
-9.028999999999999526e-02 -2.813399999999999790e-01 5.553999999999999909e-02 -8.800000000000000313e-04 8.340000000000000191e-03 -2.190000000000000106e-03 -6.720000000000000279e-03 -1.739999999999999880e-02 6.069999999999999875e-03 9.778000000000000580e-02 2.947500000000000120e-01 -6.067999999999999783e-02 -2.119999999999999923e-03 -6.700000000000000226e-03 8.899999999999999491e-04 2.230000000000000211e-03 2.360000000000000119e-03 3.699999999999999947e-04
2.247000000000000039e-02 5.603000000000000341e-02 -6.798999999999999488e-02 1.499999999999999869e-04 -1.809999999999999977e-03 2.660000000000000038e-03 -9.129999999999999227e-03 -2.227000000000000160e-02 6.689999999999999766e-03 -2.342999999999999944e-02 -6.067999999999999783e-02 6.407000000000000195e-02 1.056999999999999953e-02 2.902000000000000066e-02 -5.729999999999999850e-03 -6.300000000000000261e-04 -2.799999999999999755e-04 2.999999999999999737e-04
-7.238999999999999602e-02 1.796999999999999986e-02 -6.444999999999999341e-02 -3.214000000000000190e-02 1.217999999999999985e-02 -3.191000000000000086e-02 5.819999999999999653e-03 -3.079999999999999839e-03 7.040000000000000251e-03 5.810000000000000060e-03 -2.119999999999999923e-03 1.056999999999999953e-02 9.236999999999999378e-02 -2.634999999999999842e-02 7.986999999999999655e-02 5.299999999999999807e-04 1.420000000000000038e-03 -1.119999999999999902e-03
1.924000000000000016e-02 -7.639999999999999569e-02 6.208999999999999936e-02 5.329999999999999669e-03 3.889999999999999795e-03 1.770000000000000089e-03 -6.779999999999999569e-03 7.360000000000000223e-03 -2.181999999999999912e-02 8.850000000000000228e-03 -6.700000000000000226e-03 2.902000000000000066e-02 -2.634999999999999842e-02 7.201000000000000456e-02 -6.980999999999999706e-02 -2.900000000000000017e-04 -1.600000000000000131e-04 -1.250000000000000026e-03
-6.568000000000000227e-02 6.289000000000000146e-02 -2.614400000000000057e-01 -6.830000000000000134e-03 -1.479999999999999979e-03 1.098000000000000018e-02 -5.610000000000000403e-03 7.349999999999999763e-03 -2.079999999999999905e-02 -1.280000000000000105e-03 8.899999999999999491e-04 -5.729999999999999850e-03 7.986999999999999655e-02 -6.980999999999999706e-02 2.771100000000000230e-01 -4.699999999999999859e-04 1.600000000000000131e-04 -1.200000000000000030e-04
-2.474000000000000157e-02 -4.546999999999999653e-02 1.160000000000000007e-03 -1.128500000000000059e-01 -1.392200000000000104e-01 4.499999999999999877e-04 2.150000000000000001e-03 -2.000000000000000164e-05 1.049999999999999935e-03 -7.790000000000000049e-03 2.230000000000000211e-03 -6.300000000000000261e-04 5.299999999999999807e-04 -2.900000000000000017e-04 -4.699999999999999859e-04 1.426999999999999935e-01 1.827699999999999880e-01 -1.549999999999999946e-03
1.265999999999999938e-02 2.560000000000000209e-03 2.200000000000000078e-04 -1.991400000000000114e-01 -4.595600000000000240e-01 1.110000000000000092e-03 1.949999999999999910e-03 1.440000000000000091e-03 2.000000000000000164e-05 3.400000000000000244e-04 2.360000000000000119e-03 -2.799999999999999755e-04 1.420000000000000038e-03 -1.600000000000000131e-04 1.600000000000000131e-04 1.827699999999999880e-01 4.533699999999999952e-01 -1.240000000000000000e-03
1.420000000000000038e-03 1.360000000000000098e-03 -1.469999999999999953e-03 -9.700000000000000505e-04 -7.299999999999999632e-04 -2.190000000000000106e-03 6.000000000000000152e-05 1.479999999999999979e-03 6.400000000000000524e-04 2.170000000000000054e-03 3.699999999999999947e-04 2.999999999999999737e-04 -1.119999999999999902e-03 -1.250000000000000026e-03 -1.200000000000000030e-04 -1.549999999999999946e-03 -1.240000000000000000e-03 2.840000000000000076e-03

Sampling point4
Energy
0.14268749671094147
Geometry
 6

C   -0.658548  -0.020298   0.000397
O    0.744914   0.122339  -0.000316
H   -1.047998  -0.331590   0.981410
H   -1.077815   0.962136  -0.230077
H   -1.015573  -0.728772  -0.761006
H    1.133363  -0.758698   0.009821
Gradient
8.015099999999999883e-05 -9.639079999999999740e-04 -6.948520000000000347e-04
5.283499999999999812e-05 2.407889999999999879e-04 1.610621999999999922e-03
-6.723400000000000036e-05 9.048689999999999858e-04 2.659100000000000070e-04
-1.354399999999999941e-05 -7.854199999999999442e-05 -2.547999999999999999e-05
-1.477179999999999975e-04 -1.009890000000000050e-04 1.821999999999999835e-05
9.551100000000000085e-05 -2.218999999999999846e-06 -1.174418999999999897e-03
Hessian
5.155899999999999928e-01 -2.208999999999999853e-02 1.049999999999999935e-03 -2.672800000000000176e-01 8.760000000000000425e-03 2.820000000000000024e-03 -7.263000000000000012e-02 -1.974000000000000060e-02 6.579999999999999738e-02 -7.968000000000000083e-02 8.984000000000000319e-02 -2.123999999999999846e-02 -7.133000000000000451e-02 -4.417000000000000093e-02 -4.719999999999999890e-02 -2.468000000000000055e-02 -1.260999999999999968e-02 -1.240000000000000000e-03
-2.208999999999999853e-02 6.179900000000000393e-01 -1.879999999999999944e-03 -4.238000000000000100e-02 -9.951000000000000123e-02 -8.199999999999999824e-04 -1.842999999999999847e-02 -7.671999999999999653e-02 6.378000000000000336e-02 7.779999999999999416e-02 -2.822200000000000264e-01 5.344999999999999751e-02 -4.030999999999999861e-02 -1.622000000000000108e-01 -1.157600000000000018e-01 4.540999999999999898e-02 2.660000000000000038e-03 1.219999999999999947e-03
1.049999999999999935e-03 -1.879999999999999944e-03 5.743700000000000472e-01 1.600000000000000131e-04 2.100000000000000087e-04 -6.376999999999999336e-02 6.461000000000000076e-02 6.278999999999999859e-02 -2.613699999999999912e-01 -1.881000000000000033e-02 5.299999999999999850e-02 -6.675000000000000377e-02 -4.560999999999999777e-02 -1.142999999999999988e-01 -1.810499999999999887e-01 -1.389999999999999960e-03 1.900000000000000105e-04 -1.430000000000000064e-03
-2.672800000000000176e-01 -4.238000000000000100e-02 1.600000000000000131e-04 4.698700000000000099e-01 -1.471699999999999953e-01 -2.050000000000000173e-03 -3.194000000000000311e-02 -5.309999999999999616e-03 6.749999999999999924e-03 -2.738000000000000156e-02 8.800000000000000313e-04 -1.399999999999999877e-04 -2.960000000000000131e-02 -5.570000000000000298e-03 -4.239999999999999845e-03 -1.136800000000000033e-01 1.995500000000000052e-01 -4.800000000000000122e-04
8.760000000000000425e-03 -9.951000000000000123e-02 2.100000000000000087e-04 -1.471699999999999953e-01 5.425400000000000222e-01 -3.150000000000000022e-03 -1.250000000000000069e-02 3.789999999999999966e-03 -1.490000000000000005e-03 3.690000000000000224e-02 8.309999999999999679e-03 -1.719999999999999958e-03 -2.580999999999999961e-02 3.079999999999999839e-03 3.559999999999999797e-03 1.398199999999999998e-01 -4.582100000000000062e-01 2.589999999999999854e-03
2.820000000000000024e-03 -8.199999999999999824e-04 -6.376999999999999336e-02 -2.050000000000000173e-03 -3.150000000000000022e-03 4.574999999999999900e-02 3.180999999999999800e-02 1.770000000000000089e-03 1.085000000000000027e-02 -5.579999999999999891e-03 -2.069999999999999792e-03 2.589999999999999854e-03 -2.561000000000000082e-02 -1.000000000000000082e-05 7.009999999999999738e-03 -1.389999999999999960e-03 4.279999999999999950e-03 -2.429999999999999868e-03
-7.263000000000000012e-02 -1.842999999999999847e-02 6.461000000000000076e-02 -3.194000000000000311e-02 -1.250000000000000069e-02 3.180999999999999800e-02 9.235999999999999766e-02 2.687000000000000152e-02 -7.989999999999999880e-02 5.780000000000000415e-03 2.210000000000000159e-03 -1.047999999999999973e-02 5.799999999999999600e-03 3.249999999999999851e-03 -7.110000000000000001e-03 6.199999999999999999e-04 -1.410000000000000012e-03 1.069999999999999988e-03
-1.974000000000000060e-02 -7.671999999999999653e-02 6.278999999999999859e-02 -5.309999999999999616e-03 3.789999999999999966e-03 1.770000000000000089e-03 2.687000000000000152e-02 7.265000000000000624e-02 -7.112000000000000266e-02 -8.890000000000000333e-03 -7.040000000000000251e-03 2.917000000000000148e-02 6.760000000000000384e-03 7.440000000000000432e-03 -2.130999999999999908e-02 2.999999999999999737e-04 -1.299999999999999886e-04 -1.289999999999999914e-03
6.579999999999999738e-02 6.378000000000000336e-02 -2.613699999999999912e-01 6.749999999999999924e-03 -1.490000000000000005e-03 1.085000000000000027e-02 -7.989999999999999880e-02 -7.112000000000000266e-02 2.766100000000000225e-01 1.219999999999999947e-03 9.700000000000000505e-04 -5.550000000000000246e-03 5.640000000000000048e-03 7.729999999999999892e-03 -2.046999999999999861e-02 4.899999999999999842e-04 1.299999999999999886e-04 -6.999999999999999387e-05
-7.968000000000000083e-02 7.779999999999999416e-02 -1.881000000000000033e-02 -2.738000000000000156e-02 3.690000000000000224e-02 -5.579999999999999891e-03 5.780000000000000415e-03 -8.890000000000000333e-03 1.219999999999999947e-03 1.038499999999999979e-01 -9.726999999999999535e-02 2.215999999999999914e-02 5.270000000000000379e-03 -8.200000000000000691e-03 3.020000000000000115e-03 -7.839999999999999747e-03 -3.299999999999999982e-04 -2.010000000000000068e-03
8.984000000000000319e-02 -2.822200000000000264e-01 5.299999999999999850e-02 8.800000000000000313e-04 8.309999999999999679e-03 -2.069999999999999792e-03 2.210000000000000159e-03 -7.040000000000000251e-03 9.700000000000000505e-04 -9.726999999999999535e-02 2.960400000000000253e-01 -5.790000000000000008e-02 6.579999999999999911e-03 -1.746999999999999942e-02 5.669999999999999693e-03 -2.239999999999999804e-03 2.380000000000000171e-03 3.400000000000000244e-04
-2.123999999999999846e-02 5.344999999999999751e-02 -6.675000000000000377e-02 -1.399999999999999877e-04 -1.719999999999999958e-03 2.589999999999999854e-03 -1.047999999999999973e-02 2.917000000000000148e-02 -5.550000000000000246e-03 2.215999999999999914e-02 -5.790000000000000008e-02 6.295000000000000595e-02 9.100000000000000450e-03 -2.273000000000000020e-02 6.429999999999999952e-03 5.999999999999999474e-04 -2.700000000000000035e-04 3.400000000000000244e-04
-7.133000000000000451e-02 -4.030999999999999861e-02 -4.560999999999999777e-02 -2.960000000000000131e-02 -2.580999999999999961e-02 -2.561000000000000082e-02 5.799999999999999600e-03 6.760000000000000384e-03 5.640000000000000048e-03 5.270000000000000379e-03 6.579999999999999911e-03 9.100000000000000450e-03 8.773000000000000242e-02 5.466000000000000025e-02 5.655000000000000304e-02 2.139999999999999975e-03 -1.879999999999999944e-03 -6.999999999999999387e-05
-4.417000000000000093e-02 -1.622000000000000108e-01 -1.142999999999999988e-01 -5.570000000000000298e-03 3.079999999999999839e-03 -1.000000000000000082e-05 3.249999999999999851e-03 7.440000000000000432e-03 7.729999999999999892e-03 -8.200000000000000691e-03 -1.746999999999999942e-02 -2.273000000000000020e-02 5.466000000000000025e-02 1.677800000000000125e-01 1.278100000000000069e-01 3.000000000000000076e-05 1.369999999999999907e-03 1.500000000000000031e-03
-4.719999999999999890e-02 -1.157600000000000018e-01 -1.810499999999999887e-01 -4.239999999999999845e-03 3.559999999999999797e-03 7.009999999999999738e-03 -7.110000000000000001e-03 -2.130999999999999908e-02 -2.046999999999999861e-02 3.020000000000000115e-03 5.669999999999999693e-03 6.429999999999999952e-03 5.655000000000000304e-02 1.278100000000000069e-01 1.875100000000000100e-01 -1.030000000000000100e-03 2.000000000000000164e-05 5.800000000000000034e-04
-2.468000000000000055e-02 4.540999999999999898e-02 -1.389999999999999960e-03 -1.136800000000000033e-01 1.398199999999999998e-01 -1.389999999999999960e-03 6.199999999999999999e-04 2.999999999999999737e-04 4.899999999999999842e-04 -7.839999999999999747e-03 -2.239999999999999804e-03 5.999999999999999474e-04 2.139999999999999975e-03 3.000000000000000076e-05 -1.030000000000000100e-03 1.434400000000000119e-01 -1.833200000000000107e-01 2.720000000000000195e-03
-1.260999999999999968e-02 2.660000000000000038e-03 1.900000000000000105e-04 1.995500000000000052e-01 -4.582100000000000062e-01 4.279999999999999950e-03 -1.410000000000000012e-03 -1.299999999999999886e-04 1.299999999999999886e-04 -3.299999999999999982e-04 2.380000000000000171e-03 -2.700000000000000035e-04 -1.879999999999999944e-03 1.369999999999999907e-03 2.000000000000000164e-05 -1.833200000000000107e-01 4.519400000000000084e-01 -4.360000000000000160e-03
-1.240000000000000000e-03 1.219999999999999947e-03 -1.430000000000000064e-03 -4.800000000000000122e-04 2.589999999999999854e-03 -2.429999999999999868e-03 1.069999999999999988e-03 -1.289999999999999914e-03 -6.999999999999999387e-05 -2.010000000000000068e-03 3.400000000000000244e-04 3.400000000000000244e-04 -6.999999999999999387e-05 1.500000000000000031e-03 5.800000000000000034e-04 2.720000000000000195e-03 -4.360000000000000160e-03 3.020000000000000115e-03

Sampling point5
Energy
0.08619532882766238
Geometry
 6

C   -0.658442  -0.020142   0.000279
O    0.744840   0.122220  -0.000190
H   -1.044160  -0.381313   0.965546
H   -1.077443   0.972978  -0.178476
H   -1.018809  -0.689221  -0.794705
H    1.132350  -0.759352   0.007478
Gradient
7.647299999999999779e-05 -7.774249999999999911e-04 -5.751099999999999875e-04
3.158500000000000337e-05 2.123969999999999927e-04 1.281964000000000020e-03
-5.678499999999999927e-05 7.034860000000000202e-04 2.471430000000000154e-04
1.891599999999999982e-05 -6.184700000000000603e-05 -2.782000000000000130e-05
-1.186259999999999989e-04 -7.983700000000000150e-05 7.991000000000000232e-06
4.843699999999999720e-05 3.226000000000000114e-06 -9.341689999999999933e-04
Hessian
5.156899999999999817e-01 -2.238000000000000059e-02 9.200000000000000278e-04 -2.675000000000000155e-01 8.399999999999999481e-03 2.249999999999999830e-03 -7.235999999999999377e-02 -2.284999999999999878e-02 6.389999999999999847e-02 -7.982000000000000206e-02 9.100999999999999368e-02 -1.651999999999999996e-02 -7.130000000000000226e-02 -4.175000000000000239e-02 -4.955999999999999989e-02 -2.469999999999999973e-02 -1.243000000000000008e-02 -9.899999999999999946e-04
-2.238000000000000059e-02 6.182400000000000118e-01 -1.440000000000000091e-03 -4.234999999999999876e-02 -9.958000000000000185e-02 -6.700000000000000226e-04 -2.129999999999999949e-02 -8.359999999999999376e-02 7.290000000000000646e-02 7.867000000000000381e-02 -2.872299999999999853e-01 4.198000000000000342e-02 -3.823000000000000009e-02 -1.504399999999999904e-01 -1.137500000000000039e-01 4.558000000000000246e-02 2.609999999999999907e-03 9.799999999999999684e-04
9.200000000000000278e-04 -1.440000000000000091e-03 5.737100000000000533e-01 1.000000000000000048e-04 1.600000000000000131e-04 -6.406000000000000583e-02 6.267999999999999960e-02 7.183000000000000496e-02 -2.545799999999999730e-01 -1.460000000000000013e-02 4.159999999999999809e-02 -6.180000000000000077e-02 -4.800999999999999712e-02 -1.123099999999999932e-01 -1.920900000000000107e-01 -1.090000000000000040e-03 1.499999999999999869e-04 -1.180000000000000059e-03
-2.675000000000000155e-01 -4.234999999999999876e-02 1.000000000000000048e-04 4.696899999999999964e-01 -1.461999999999999966e-01 -1.709999999999999932e-03 -3.171999999999999820e-02 -5.479999999999999628e-03 6.519999999999999754e-03 -2.723000000000000073e-02 8.099999999999999561e-04 -6.999999999999999387e-05 -2.990999999999999909e-02 -5.669999999999999693e-03 -4.559999999999999817e-03 -1.133300000000000002e-01 1.988800000000000012e-01 -2.900000000000000017e-04
8.399999999999999481e-03 -9.958000000000000185e-02 1.600000000000000131e-04 -1.461999999999999966e-01 5.426600000000000312e-01 -2.279999999999999909e-03 -1.423999999999999919e-02 3.640000000000000006e-03 -1.789999999999999925e-03 3.728999999999999676e-02 8.389999999999999888e-03 -1.340000000000000045e-03 -2.455999999999999850e-02 3.089999999999999865e-03 3.409999999999999837e-03 1.393000000000000071e-01 -4.581999999999999962e-01 1.850000000000000082e-03
2.249999999999999830e-03 -6.700000000000000226e-04 -6.406000000000000583e-02 -1.709999999999999932e-03 -2.279999999999999909e-03 4.662999999999999784e-02 3.148999999999999716e-02 1.569999999999999998e-03 1.052999999999999943e-02 -4.320000000000000055e-03 -1.629999999999999939e-03 2.289999999999999935e-03 -2.668999999999999845e-02 -1.900000000000000105e-04 7.539999999999999827e-03 -1.030000000000000100e-03 3.200000000000000153e-03 -2.939999999999999905e-03
