CH3OH
Sampling point1
Energy
0.9294965255051598
Geometry
 6

C    0.659681   0.020572   0.001447
O   -0.745695  -0.123994  -0.000918
H    1.076094  -0.089987   1.012935
H    1.081408  -0.775494  -0.620353
H    0.990709   0.981672  -0.412736
H   -1.140735   0.752329   0.018813
Gradient
-2.254799999999999892e-04 2.181668999999999796e-03 -8.613500000000000117e-05
5.262100000000000322e-05 -5.391159999999999659e-04 2.264504000000000083e-03
1.740199999999999907e-04 -1.685422000000000005e-03 -2.556869999999999933e-04
1.850000000000000022e-07 -4.000000000000000084e-08 -5.299999999999999813e-08
5.899999999999999892e-08 -1.330000000000000130e-07 6.999999999999999816e-09
-1.405000000000000101e-06 4.304199999999999888e-05 -1.922637000000000044e-03
Hessian
5.138399999999999634e-01 -1.983000000000000040e-02 -1.000000000000000021e-03 -2.657700000000000062e-01 1.379999999999999977e-02 -4.309999999999999595e-03 -7.495999999999999885e-02 9.889999999999999486e-03 -7.503999999999999559e-02 -7.778999999999999804e-02 6.962999999999999745e-02 5.408999999999999919e-02 -7.058999999999999997e-02 -5.854999999999999788e-02 2.436999999999999930e-02 -2.472999999999999851e-02 -1.494999999999999975e-02 1.889999999999999970e-03
-1.983000000000000040e-02 6.140299999999999647e-01 1.449999999999999900e-03 -4.308000000000000024e-02 -9.855999999999999484e-02 1.119999999999999902e-03 9.329999999999999752e-03 -6.004000000000000309e-02 2.539999999999999897e-02 6.185000000000000220e-02 -2.016100000000000114e-01 -1.142800000000000066e-01 -5.170000000000000290e-02 -2.569000000000000172e-01 8.813000000000000000e-02 4.342000000000000026e-02 3.089999999999999865e-03 -1.820000000000000003e-03
-1.000000000000000021e-03 1.449999999999999900e-03 5.777700000000000058e-01 -2.799999999999999755e-04 -4.099999999999999912e-04 -5.947000000000000203e-02 -7.346999999999999365e-02 2.531999999999999876e-02 -2.771299999999999875e-01 4.939000000000000334e-02 -1.131199999999999983e-01 -1.436399999999999899e-01 2.299999999999999961e-02 8.702000000000000013e-02 -9.275999999999999523e-02 2.370000000000000145e-03 -2.599999999999999772e-04 -4.760000000000000342e-03
-2.657700000000000062e-01 -4.308000000000000024e-02 -2.799999999999999755e-04 4.719200000000000061e-01 -1.584699999999999998e-01 2.190000000000000106e-03 -3.280000000000000276e-02 -2.809999999999999998e-03 -7.360000000000000223e-03 -2.969000000000000111e-02 1.459999999999999926e-03 1.949999999999999910e-03 -2.756000000000000116e-02 -4.190000000000000148e-03 1.850000000000000082e-03 -1.161100000000000049e-01 2.070899999999999963e-01 1.649999999999999991e-03
1.379999999999999977e-02 -9.855999999999999484e-02 -4.099999999999999912e-04 -1.584699999999999998e-01 5.443599999999999550e-01 7.199999999999999803e-03 3.079999999999999839e-03 5.170000000000000116e-03 -1.000000000000000021e-03 3.000999999999999848e-02 7.179999999999999750e-03 3.540000000000000178e-03 -3.341000000000000220e-02 3.589999999999999875e-03 -3.040000000000000167e-03 1.449900000000000078e-01 -4.617200000000000193e-01 -6.279999999999999992e-03
-4.309999999999999595e-03 1.119999999999999902e-03 -5.947000000000000203e-02 2.190000000000000106e-03 7.199999999999999803e-03 3.339000000000000301e-02 -3.045000000000000137e-02 -3.040000000000000167e-03 1.221000000000000037e-02 1.566000000000000031e-02 4.279999999999999950e-03 6.910000000000000343e-03 1.403000000000000080e-02 -6.499999999999999702e-04 2.409999999999999816e-03 2.870000000000000155e-03 -8.899999999999999925e-03 4.550000000000000225e-03
-7.495999999999999885e-02 9.329999999999999752e-03 -7.346999999999999365e-02 -3.280000000000000276e-02 3.079999999999999839e-03 -3.045000000000000137e-02 9.755999999999999395e-02 -9.270000000000000462e-03 8.977999999999999869e-02 6.380000000000000254e-03 -1.779999999999999898e-03 9.769999999999999171e-03 5.479999999999999628e-03 1.600000000000000131e-04 7.510000000000000182e-03 -1.660000000000000017e-03 -1.520000000000000084e-03 -3.150000000000000022e-03
9.889999999999999486e-03 -6.004000000000000309e-02 2.531999999999999876e-02 -2.809999999999999998e-03 5.170000000000000116e-03 -3.040000000000000167e-03 -9.270000000000000462e-03 5.312999999999999667e-02 -2.680000000000000090e-02 -7.579999999999999932e-03 4.120000000000000398e-03 -2.525000000000000161e-02 9.629999999999999671e-03 -1.850000000000000082e-03 2.929000000000000006e-02 1.499999999999999869e-04 -5.299999999999999807e-04 4.800000000000000122e-04
-7.503999999999999559e-02 2.539999999999999897e-02 -2.771299999999999875e-01 -7.360000000000000223e-03 -1.000000000000000021e-03 1.221000000000000037e-02 8.977999999999999869e-02 -2.680000000000000090e-02 2.937400000000000011e-01 -5.159999999999999656e-03 3.119999999999999944e-03 -1.813000000000000028e-02 -2.660000000000000038e-03 6.999999999999999387e-05 -1.009999999999999960e-02 4.400000000000000157e-04 -7.900000000000000121e-04 -5.800000000000000034e-04
-7.778999999999999804e-02 6.185000000000000220e-02 4.939000000000000334e-02 -2.969000000000000111e-02 3.000999999999999848e-02 1.566000000000000031e-02 6.380000000000000254e-03 -7.579999999999999932e-03 -5.159999999999999656e-03 1.026500000000000051e-01 -7.747999999999999332e-02 -5.872999999999999748e-02 5.020000000000000157e-03 -5.819999999999999653e-03 -5.950000000000000427e-03 -6.579999999999999911e-03 -9.799999999999999684e-04 4.789999999999999987e-03
6.962999999999999745e-02 -2.016100000000000114e-01 -1.131199999999999983e-01 1.459999999999999926e-03 7.179999999999999750e-03 4.279999999999999950e-03 -1.779999999999999898e-03 4.120000000000000398e-03 3.119999999999999944e-03 -7.747999999999999332e-02 2.083000000000000129e-01 1.239999999999999991e-01 9.650000000000000591e-03 -1.970999999999999835e-02 -1.788999999999999965e-02 -1.490000000000000005e-03 1.719999999999999958e-03 -3.800000000000000209e-04
5.408999999999999919e-02 -1.142800000000000066e-01 -1.436399999999999899e-01 1.949999999999999910e-03 3.540000000000000178e-03 6.910000000000000343e-03 9.769999999999999171e-03 -2.525000000000000161e-02 -1.813000000000000028e-02 -5.872999999999999748e-02 1.239999999999999991e-01 1.463500000000000079e-01 -5.729999999999999850e-03 1.108999999999999916e-02 9.199999999999999845e-03 -1.350000000000000071e-03 8.999999999999999754e-04 -6.800000000000000488e-04
-7.058999999999999997e-02 -5.170000000000000290e-02 2.299999999999999961e-02 -2.756000000000000116e-02 -3.341000000000000220e-02 1.403000000000000080e-02 5.479999999999999628e-03 9.629999999999999671e-03 -2.660000000000000038e-03 5.020000000000000157e-03 9.650000000000000591e-03 -5.729999999999999850e-03 8.491999999999999549e-02 6.872000000000000330e-02 -2.860000000000000042e-02 2.720000000000000195e-03 -2.890000000000000208e-03 -4.000000000000000327e-05
-5.854999999999999788e-02 -2.569000000000000172e-01 8.702000000000000013e-02 -4.190000000000000148e-03 3.589999999999999875e-03 -6.499999999999999702e-04 1.600000000000000131e-04 -1.850000000000000082e-03 6.999999999999999387e-05 -5.819999999999999653e-03 -1.970999999999999835e-02 1.108999999999999916e-02 6.872000000000000330e-02 2.721399999999999930e-01 -9.660000000000000531e-02 -3.200000000000000262e-04 2.729999999999999788e-03 -9.399999999999999719e-04
2.436999999999999930e-02 8.813000000000000000e-02 -9.275999999999999523e-02 1.850000000000000082e-03 -3.040000000000000167e-03 2.409999999999999816e-03 7.510000000000000182e-03 2.929000000000000006e-02 -1.009999999999999960e-02 -5.950000000000000427e-03 -1.788999999999999965e-02 9.199999999999999845e-03 -2.860000000000000042e-02 -9.660000000000000531e-02 8.970999999999999808e-02 8.199999999999999824e-04 1.200000000000000030e-04 1.549999999999999946e-03
-2.472999999999999851e-02 4.342000000000000026e-02 2.370000000000000145e-03 -1.161100000000000049e-01 1.449900000000000078e-01 2.870000000000000155e-03 -1.660000000000000017e-03 1.499999999999999869e-04 4.400000000000000157e-04 -6.579999999999999911e-03 -1.490000000000000005e-03 -1.350000000000000071e-03 2.720000000000000195e-03 -3.200000000000000262e-04 8.199999999999999824e-04 1.463700000000000001e-01 -1.867499999999999993e-01 -5.139999999999999604e-03
-1.494999999999999975e-02 3.089999999999999865e-03 -2.599999999999999772e-04 2.070899999999999963e-01 -4.617200000000000193e-01 -8.899999999999999925e-03 -1.520000000000000084e-03 -5.299999999999999807e-04 -7.900000000000000121e-04 -9.799999999999999684e-04 1.719999999999999958e-03 8.999999999999999754e-04 -2.890000000000000208e-03 2.729999999999999788e-03 1.200000000000000030e-04 -1.867499999999999993e-01 4.547100000000000031e-01 8.930000000000000437e-03
1.889999999999999970e-03 -1.820000000000000003e-03 -4.760000000000000342e-03 1.649999999999999991e-03 -6.279999999999999992e-03 4.550000000000000225e-03 -3.150000000000000022e-03 4.800000000000000122e-04 -5.800000000000000034e-04 4.789999999999999987e-03 -3.800000000000000209e-04 -6.800000000000000488e-04 -4.000000000000000327e-05 -9.399999999999999719e-04 1.549999999999999946e-03 -5.139999999999999604e-03 8.930000000000000437e-03 -8.000000000000000654e-05

Sampling point2
Energy
1.408693507650103
Geometry
 6

C    0.660552   0.018679   0.000370
O   -0.746356  -0.124870  -0.000040
H    1.085331  -0.411496   0.916215
H    1.085603  -0.516903  -0.856975
H    0.980891   1.065963  -0.063868
H   -1.144293   0.749322   0.002729
Gradient
-3.973300000000000058e-05 3.783400000000000131e-04 1.091170000000000058e-04
8.407999999999999797e-06 -7.994900000000000314e-05 4.258490000000000083e-04
3.076200000000000126e-05 -2.989930000000000018e-04 -1.543650000000000035e-04
9.500000000000000364e-08 1.679999999999999956e-07 1.020000000000000001e-07
2.709999999999999782e-07 -7.700000000000000128e-08 6.199999999999999931e-08
1.979999999999999995e-07 5.099999999999999875e-07 -3.807659999999999929e-04
Hessian
5.125800000000000356e-01 -1.933999999999999955e-02 -2.300000000000000070e-04 -2.646200000000000219e-01 1.703999999999999959e-02 -8.800000000000000313e-04 -7.636999999999999345e-02 3.602000000000000340e-02 -7.327000000000000179e-02 -7.670000000000000429e-02 4.537000000000000061e-02 7.030000000000000138e-02 -7.012999999999999790e-02 -6.268999999999999573e-02 3.690000000000000138e-03 -2.476000000000000076e-02 -1.640000000000000138e-02 3.899999999999999929e-04
-1.933999999999999955e-02 6.108799999999999786e-01 5.199999999999999544e-04 -4.361000000000000293e-02 -9.793999999999999928e-02 2.400000000000000061e-04 3.334999999999999770e-02 -9.840000000000000135e-02 8.853999999999999371e-02 4.161999999999999728e-02 -1.213199999999999973e-01 -1.039999999999999952e-01 -5.423999999999999655e-02 -2.964800000000000213e-01 1.506000000000000047e-02 4.222000000000000058e-02 3.259999999999999877e-03 -3.600000000000000227e-04
-2.300000000000000070e-04 5.199999999999999544e-04 5.807999999999999829e-01 -0.000000000000000000e+00 -4.000000000000000327e-05 -5.682999999999999857e-02 -7.022000000000000464e-02 8.741999999999999771e-02 -2.416899999999999882e-01 6.662999999999999479e-02 -1.026799999999999935e-01 -2.202699999999999936e-01 3.419999999999999863e-03 1.485000000000000035e-02 -5.516999999999999682e-02 4.099999999999999912e-04 -6.000000000000000152e-05 -6.850000000000000186e-03
-2.646200000000000219e-01 -4.361000000000000293e-02 -0.000000000000000000e+00 4.724999999999999756e-01 -1.649799999999999878e-01 6.199999999999999999e-04 -3.214000000000000190e-02 -2.000000000000000096e-04 -5.729999999999999850e-03 -3.164999999999999758e-02 5.299999999999999807e-04 4.789999999999999987e-03 -2.690000000000000030e-02 -3.320000000000000034e-03 2.599999999999999772e-04 -1.171999999999999986e-01 2.115700000000000081e-01 6.999999999999999387e-05
1.703999999999999959e-02 -9.793999999999999928e-02 -4.000000000000000327e-05 -1.649799999999999878e-01 5.464900000000000313e-01 7.900000000000000121e-04 1.583000000000000032e-02 6.029999999999999770e-03 -2.700000000000000143e-03 1.997000000000000164e-02 6.300000000000000044e-03 3.150000000000000022e-03 -3.581000000000000155e-02 3.959999999999999978e-03 -5.299999999999999807e-04 1.479399999999999882e-01 -4.648499999999999854e-01 -6.700000000000000226e-04
-8.800000000000000313e-04 2.400000000000000061e-04 -5.682999999999999857e-02 6.199999999999999999e-04 7.900000000000000121e-04 2.543000000000000121e-02 -2.521999999999999936e-02 -3.820000000000000045e-03 1.136999999999999990e-02 2.290999999999999981e-02 4.100000000000000346e-03 1.055000000000000035e-02 2.180000000000000080e-03 -1.399999999999999877e-04 2.999999999999999737e-04 3.899999999999999929e-04 -1.170000000000000033e-03 9.180000000000000659e-03
-7.636999999999999345e-02 3.334999999999999770e-02 -7.022000000000000464e-02 -3.214000000000000190e-02 1.583000000000000032e-02 -2.521999999999999936e-02 1.006200000000000011e-01 -4.066999999999999782e-02 8.470999999999999364e-02 6.649999999999999661e-03 -4.619999999999999975e-03 8.300000000000000086e-03 5.159999999999999656e-03 -2.330000000000000040e-03 7.270000000000000420e-03 -3.919999999999999873e-03 -1.549999999999999946e-03 -4.850000000000000144e-03
3.602000000000000340e-02 -9.840000000000000135e-02 8.741999999999999771e-02 -2.000000000000000096e-04 6.029999999999999770e-03 -3.820000000000000045e-03 -4.066999999999999782e-02 9.525000000000000133e-02 -9.629999999999999671e-02 -5.499999999999999681e-03 8.529999999999999388e-03 -1.602999999999999911e-02 1.072999999999999995e-02 -1.162000000000000012e-02 2.867000000000000104e-02 -3.699999999999999947e-04 2.000000000000000096e-04 6.000000000000000152e-05
-7.327000000000000179e-02 8.853999999999999371e-02 -2.416899999999999882e-01 -5.729999999999999850e-03 -2.700000000000000143e-03 1.136999999999999990e-02 8.470999999999999364e-02 -9.629999999999999671e-02 2.536100000000000021e-01 -7.609999999999999577e-03 1.238000000000000038e-02 -2.266999999999999918e-02 7.500000000000000156e-04 -7.200000000000000453e-04 4.200000000000000174e-04 1.149999999999999981e-03 -1.199999999999999895e-03 -1.030000000000000100e-03
-7.670000000000000429e-02 4.161999999999999728e-02 6.662999999999999479e-02 -3.164999999999999758e-02 1.997000000000000164e-02 2.290999999999999981e-02 6.649999999999999661e-03 -5.499999999999999681e-03 -7.609999999999999577e-03 1.012900000000000050e-01 -5.136999999999999900e-02 -8.000999999999999779e-02 5.089999999999999906e-03 -3.239999999999999825e-03 -7.089999999999999948e-03 -4.680000000000000132e-03 -1.469999999999999953e-03 5.170000000000000116e-03
4.537000000000000061e-02 -1.213199999999999973e-01 -1.026799999999999935e-01 5.299999999999999807e-04 6.300000000000000044e-03 4.100000000000000346e-03 -4.619999999999999975e-03 8.529999999999999388e-03 1.238000000000000038e-02 -5.136999999999999900e-02 1.205299999999999983e-01 1.130599999999999938e-01 1.073999999999999955e-02 -1.464999999999999983e-02 -2.678000000000000172e-02 -6.400000000000000524e-04 5.999999999999999474e-04 -6.999999999999999387e-05
7.030000000000000138e-02 -1.039999999999999952e-01 -2.202699999999999936e-01 4.789999999999999987e-03 3.150000000000000022e-03 1.055000000000000035e-02 8.300000000000000086e-03 -1.602999999999999911e-02 -2.266999999999999918e-02 -8.000999999999999779e-02 1.130599999999999938e-01 2.298199999999999965e-01 -2.079999999999999818e-03 2.599999999999999881e-03 3.660000000000000059e-03 -1.299999999999999940e-03 1.219999999999999947e-03 -1.090000000000000040e-03
-7.012999999999999790e-02 -5.423999999999999655e-02 3.419999999999999863e-03 -2.690000000000000030e-02 -3.581000000000000155e-02 2.180000000000000080e-03 5.159999999999999656e-03 1.072999999999999995e-02 7.500000000000000156e-04 5.089999999999999906e-03 1.073999999999999955e-02 -2.079999999999999818e-03 8.397000000000000297e-02 7.205999999999999905e-02 -4.279999999999999950e-03 2.799999999999999972e-03 -3.480000000000000020e-03 0.000000000000000000e+00
-6.268999999999999573e-02 -2.964800000000000213e-01 1.485000000000000035e-02 -3.320000000000000034e-03 3.959999999999999978e-03 -1.399999999999999877e-04 -2.330000000000000040e-03 -1.162000000000000012e-02 -7.200000000000000453e-04 -3.239999999999999825e-03 -1.464999999999999983e-02 2.599999999999999881e-03 7.205999999999999905e-02 3.155000000000000027e-01 -1.644999999999999934e-02 -4.800000000000000122e-04 3.279999999999999930e-03 -1.499999999999999869e-04
3.690000000000000138e-03 1.506000000000000047e-02 -5.516999999999999682e-02 2.599999999999999772e-04 -5.299999999999999807e-04 2.999999999999999737e-04 7.270000000000000420e-03 2.867000000000000104e-02 4.200000000000000174e-04 -7.089999999999999948e-03 -2.678000000000000172e-02 3.660000000000000059e-03 -4.279999999999999950e-03 -1.644999999999999934e-02 4.866000000000000186e-02 1.399999999999999877e-04 3.000000000000000076e-05 2.119999999999999923e-03
-2.476000000000000076e-02 4.222000000000000058e-02 4.099999999999999912e-04 -1.171999999999999986e-01 1.479399999999999882e-01 3.899999999999999929e-04 -3.919999999999999873e-03 -3.699999999999999947e-04 1.149999999999999981e-03 -4.680000000000000132e-03 -6.400000000000000524e-04 -1.299999999999999940e-03 2.799999999999999972e-03 -4.800000000000000122e-04 1.399999999999999877e-04 1.477499999999999925e-01 -1.886700000000000044e-01 -7.799999999999999859e-04
-1.640000000000000138e-02 3.259999999999999877e-03 -6.000000000000000152e-05 2.115700000000000081e-01 -4.648499999999999854e-01 -1.170000000000000033e-03 -1.549999999999999946e-03 2.000000000000000096e-04 -1.199999999999999895e-03 -1.469999999999999953e-03 5.999999999999999474e-04 1.219999999999999947e-03 -3.480000000000000020e-03 3.279999999999999930e-03 3.000000000000000076e-05 -1.886700000000000044e-01 4.575000000000000178e-01 1.190000000000000085e-03
3.899999999999999929e-04 -3.600000000000000227e-04 -6.850000000000000186e-03 6.999999999999999387e-05 -6.700000000000000226e-04 9.180000000000000659e-03 -4.850000000000000144e-03 6.000000000000000152e-05 -1.030000000000000100e-03 5.170000000000000116e-03 -6.999999999999999387e-05 -1.090000000000000040e-03 0.000000000000000000e+00 -1.499999999999999869e-04 2.119999999999999923e-03 -7.799999999999999859e-04 1.190000000000000085e-03 -2.340000000000000066e-03

Sampling point3
Energy
0.3992259197832372
Geometry
 6

C   -0.659020   0.018276  -0.000422
O    0.745253  -0.122906   0.001440
H   -1.001794   0.837943  -0.647363
H   -1.081759  -0.917238  -0.375060
H   -1.058024   0.195290   1.009903
H    1.133673   0.757597   0.003528
Gradient
-1.250190000000000036e-04 -1.274268999999999966e-03 -1.914644000000000068e-03
2.592100000000000136e-05 2.881350000000000187e-04 2.443160000000000210e-03
9.697000000000000162e-05 9.836339999999999407e-04 1.195466999999999971e-03
-1.790000000000000014e-07 2.600000000000000121e-08 -2.369999999999999914e-07
-3.460000000000000013e-07 -4.499999999999999929e-08 1.549999999999999983e-07
2.652999999999999841e-06 2.517999999999999863e-06 -1.723900999999999906e-03
Hessian
5.148000000000000353e-01 2.266999999999999918e-02 1.649999999999999991e-03 -2.667800000000000171e-01 -1.043999999999999963e-02 4.219999999999999793e-03 -7.034999999999999587e-02 4.963999999999999663e-02 -3.878999999999999809e-02 -8.014000000000000290e-02 -8.572000000000000453e-02 -3.441000000000000308e-02 -7.283000000000000584e-02 1.050000000000000065e-02 6.938999999999999335e-02 -2.470999999999999933e-02 1.335000000000000075e-02 -2.040000000000000147e-03
2.266999999999999918e-02 6.205899999999999750e-01 4.950000000000000407e-03 4.288999999999999757e-02 -9.943000000000000449e-02 1.610000000000000103e-03 4.451999999999999708e-02 -1.990599999999999870e-01 1.146199999999999997e-01 -7.503999999999999559e-02 -2.612999999999999767e-01 -8.280999999999999472e-02 9.820000000000000603e-03 -6.346000000000000252e-02 -3.644000000000000017e-02 -4.485999999999999710e-02 2.670000000000000064e-03 -1.930000000000000075e-03
1.649999999999999991e-03 4.950000000000000407e-03 5.717299999999999605e-01 -4.699999999999999859e-04 3.000000000000000076e-05 -6.226999999999999896e-02 -3.701999999999999735e-02 1.134700000000000014e-01 -1.465700000000000058e-01 -3.088000000000000120e-02 -8.204999999999999793e-02 -8.744999999999999996e-02 6.815000000000000224e-02 -3.606000000000000177e-02 -2.729900000000000104e-01 -1.430000000000000064e-03 -3.400000000000000244e-04 -2.459999999999999947e-03
-2.667800000000000171e-01 4.288999999999999757e-02 -4.699999999999999859e-04 4.696899999999999964e-01 1.497600000000000042e-01 -5.130000000000000011e-03 -2.894000000000000045e-02 5.179999999999999709e-03 -3.370000000000000166e-03 -2.767000000000000015e-02 -1.119999999999999902e-03 -4.899999999999999842e-04 -3.264999999999999847e-02 4.700000000000000185e-03 7.270000000000000420e-03 -1.136400000000000049e-01 -2.014100000000000057e-01 2.200000000000000133e-03
-1.043999999999999963e-02 -9.943000000000000449e-02 3.000000000000000076e-05 1.497600000000000042e-01 5.444200000000000150e-01 -2.710000000000000169e-03 2.913999999999999924e-02 3.119999999999999944e-03 -3.680000000000000111e-03 -3.495000000000000190e-02 8.059999999999999457e-03 2.670000000000000064e-03 7.300000000000000065e-03 4.340000000000000108e-03 6.999999999999999929e-04 -1.408200000000000007e-01 -4.605099999999999749e-01 2.990000000000000036e-03
4.219999999999999793e-03 1.610000000000000103e-03 -6.226999999999999896e-02 -5.130000000000000011e-03 -2.710000000000000169e-03 4.164000000000000340e-02 -2.222999999999999976e-02 -3.099999999999999999e-04 5.219999999999999814e-03 -8.930000000000000437e-03 3.210000000000000180e-03 3.810000000000000019e-03 3.212999999999999884e-02 -2.200000000000000133e-03 1.170999999999999992e-02 -6.000000000000000152e-05 4.099999999999999912e-04 -1.100000000000000039e-04
-7.034999999999999587e-02 4.451999999999999708e-02 -3.701999999999999735e-02 -2.894000000000000045e-02 2.913999999999999924e-02 -2.222999999999999976e-02 8.602999999999999536e-02 -6.028000000000000025e-02 4.614000000000000046e-02 5.120000000000000419e-03 -7.870000000000000259e-03 8.229999999999999469e-03 5.740000000000000310e-03 -7.810000000000000102e-03 4.879999999999999789e-03 2.409999999999999816e-03 2.289999999999999935e-03 -1.000000000000000082e-05
4.963999999999999663e-02 -1.990599999999999870e-01 1.134700000000000014e-01 5.179999999999999709e-03 3.119999999999999944e-03 -3.099999999999999999e-04 -6.028000000000000025e-02 2.078899999999999915e-01 -1.266599999999999948e-01 7.429999999999999973e-03 -1.889000000000000054e-02 1.873999999999999971e-02 -2.060000000000000199e-03 4.980000000000000052e-03 -3.870000000000000176e-03 1.000000000000000048e-04 1.949999999999999910e-03 -1.360000000000000098e-03
-3.878999999999999809e-02 1.146199999999999997e-01 -1.465700000000000058e-01 -3.370000000000000166e-03 -3.680000000000000111e-03 5.219999999999999814e-03 4.614000000000000046e-02 -1.266599999999999948e-01 1.501099999999999934e-01 4.259999999999999898e-03 -9.740000000000000394e-03 8.609999999999999598e-03 -7.179999999999999750e-03 2.543000000000000121e-02 -1.833999999999999866e-02 -1.059999999999999961e-03 3.000000000000000076e-05 9.799999999999999684e-04
-8.014000000000000290e-02 -7.503999999999999559e-02 -3.088000000000000120e-02 -2.767000000000000015e-02 -3.495000000000000190e-02 -8.930000000000000437e-03 5.120000000000000419e-03 7.429999999999999973e-03 4.259999999999999898e-03 1.041300000000000003e-01 9.346000000000000141e-02 3.626000000000000056e-02 6.009999999999999717e-03 8.600000000000000006e-03 2.569999999999999802e-03 -7.450000000000000025e-03 5.000000000000000104e-04 -3.289999999999999956e-03
-8.572000000000000453e-02 -2.612999999999999767e-01 -8.204999999999999793e-02 -1.119999999999999902e-03 8.059999999999999457e-03 3.210000000000000180e-03 -7.870000000000000259e-03 -1.889000000000000054e-02 -9.740000000000000394e-03 9.346000000000000141e-02 2.728400000000000269e-01 8.970999999999999808e-02 -8.000000000000000383e-04 -2.909999999999999826e-03 -6.400000000000000524e-04 2.040000000000000147e-03 2.200000000000000133e-03 -4.899999999999999842e-04
-3.441000000000000308e-02 -8.280999999999999472e-02 -8.744999999999999996e-02 -4.899999999999999842e-04 2.670000000000000064e-03 3.810000000000000019e-03 8.229999999999999469e-03 1.873999999999999971e-02 8.609999999999999598e-03 3.626000000000000056e-02 8.970999999999999808e-02 8.501000000000000223e-02 -1.052999999999999943e-02 -2.877000000000000043e-02 -9.950000000000000511e-03 9.499999999999999981e-04 4.600000000000000139e-04 -2.000000000000000164e-05
-7.283000000000000584e-02 9.820000000000000603e-03 6.815000000000000224e-02 -3.264999999999999847e-02 7.300000000000000065e-03 3.212999999999999884e-02 5.740000000000000310e-03 -2.060000000000000199e-03 -7.179999999999999750e-03 6.009999999999999717e-03 -8.000000000000000383e-04 -1.052999999999999943e-02 9.390999999999999348e-02 -1.569999999999999868e-02 -8.429999999999999993e-02 -1.800000000000000113e-04 1.440000000000000091e-03 1.729999999999999984e-03
1.050000000000000065e-02 -6.346000000000000252e-02 -3.606000000000000177e-02 4.700000000000000185e-03 4.340000000000000108e-03 -2.200000000000000133e-03 -7.810000000000000102e-03 4.980000000000000052e-03 2.543000000000000121e-02 8.600000000000000006e-03 -2.909999999999999826e-03 -2.877000000000000043e-02 -1.569999999999999868e-02 5.748999999999999944e-02 4.059999999999999720e-02 -2.900000000000000017e-04 -4.299999999999999894e-04 9.899999999999999946e-04
6.938999999999999335e-02 -3.644000000000000017e-02 -2.729900000000000104e-01 7.270000000000000420e-03 6.999999999999999929e-04 1.170999999999999992e-02 4.879999999999999789e-03 -3.870000000000000176e-03 -1.833999999999999866e-02 2.569999999999999802e-03 -6.400000000000000524e-04 -9.950000000000000511e-03 -8.429999999999999993e-02 4.059999999999999720e-02 2.898700000000000165e-01 1.800000000000000113e-04 -3.499999999999999964e-04 -2.900000000000000017e-04
-2.470999999999999933e-02 -4.485999999999999710e-02 -1.430000000000000064e-03 -1.136400000000000049e-01 -1.408200000000000007e-01 -6.000000000000000152e-05 2.409999999999999816e-03 1.000000000000000048e-04 -1.059999999999999961e-03 -7.450000000000000025e-03 2.040000000000000147e-03 9.499999999999999981e-04 -1.800000000000000113e-04 -2.900000000000000017e-04 1.800000000000000113e-04 1.435800000000000132e-01 1.838299999999999934e-01 1.410000000000000012e-03
1.335000000000000075e-02 2.670000000000000064e-03 -3.400000000000000244e-04 -2.014100000000000057e-01 -4.605099999999999749e-01 4.099999999999999912e-04 2.289999999999999935e-03 1.949999999999999910e-03 3.000000000000000076e-05 5.000000000000000104e-04 2.200000000000000133e-03 4.600000000000000139e-04 1.440000000000000091e-03 -4.299999999999999894e-04 -3.499999999999999964e-04 1.838299999999999934e-01 4.541299999999999781e-01 -2.000000000000000096e-04
-2.040000000000000147e-03 -1.930000000000000075e-03 -2.459999999999999947e-03 2.200000000000000133e-03 2.990000000000000036e-03 -1.100000000000000039e-04 -1.000000000000000082e-05 -1.360000000000000098e-03 9.799999999999999684e-04 -3.289999999999999956e-03 -4.899999999999999842e-04 -2.000000000000000164e-05 1.729999999999999984e-03 9.899999999999999946e-04 -2.900000000000000017e-04 1.410000000000000012e-03 -2.000000000000000096e-04 1.899999999999999996e-03

Sampling point4
Energy
0.8471672825465235
Geometry
 6

C   -0.659714   0.018128  -0.000739
O    0.745758  -0.123769   0.002372
H   -0.990245   0.956123  -0.466405
H   -1.084605  -0.816339  -0.565901
H   -1.071051  -0.012464   1.018957
H    1.138118   0.754065  -0.001191
Gradient
-9.560099999999999490e-05 -1.006032999999999927e-03 -2.361929000000000025e-03
1.754000000000000147e-05 2.414960000000000067e-04 2.738940000000000038e-03
7.470300000000000627e-05 7.733749999999999739e-04 1.504522000000000108e-03
1.220000000000000072e-07 3.929999999999999854e-07 2.429999999999999922e-07
-6.299999999999999503e-08 7.400000000000000089e-08 2.879999999999999848e-07
3.299000000000000093e-06 -9.304999999999999849e-06 -1.882063000000000009e-03
Hessian
5.138099999999999890e-01 2.135000000000000092e-02 2.060000000000000199e-03 -2.657900000000000262e-01 -1.325999999999999922e-02 4.789999999999999987e-03 -7.018000000000000627e-02 5.630999999999999894e-02 -2.750999999999999973e-02 -7.928000000000000325e-02 -7.488999999999999824e-02 -5.059000000000000302e-02 -7.384999999999999898e-02 -4.190000000000000148e-03 7.359999999999999876e-02 -2.470999999999999933e-02 1.467000000000000075e-02 -2.350000000000000092e-03
2.135000000000000092e-02 6.172299999999999454e-01 6.499999999999999702e-03 4.327999999999999903e-02 -9.879999999999999893e-02 1.979999999999999989e-03 4.961000000000000132e-02 -2.459099999999999897e-01 9.585000000000000464e-02 -6.661000000000000254e-02 -2.177800000000000014e-01 -1.103699999999999959e-01 -3.910000000000000281e-03 -5.761999999999999761e-02 8.219999999999999876e-03 -4.370999999999999885e-02 2.880000000000000181e-03 -2.190000000000000106e-03
2.060000000000000199e-03 6.499999999999999702e-03 5.748999999999999666e-01 -7.399999999999999894e-04 2.200000000000000078e-04 -5.988000000000000267e-02 -2.587000000000000063e-02 9.490999999999999437e-02 -1.027799999999999964e-01 -4.621999999999999720e-02 -1.092100000000000015e-01 -1.290399999999999880e-01 7.204000000000000681e-02 8.009999999999999759e-03 -2.788399999999999768e-01 -1.280000000000000105e-03 -4.400000000000000157e-04 -4.349999999999999700e-03
-2.657900000000000262e-01 4.327999999999999903e-02 -7.399999999999999894e-04 4.707700000000000218e-01 1.562399999999999900e-01 -6.740000000000000331e-03 -2.792000000000000037e-02 4.360000000000000160e-03 -2.170000000000000054e-03 -2.892000000000000126e-02 -1.430000000000000064e-03 -1.549999999999999946e-03 -3.302999999999999686e-02 3.330000000000000061e-03 7.420000000000000380e-03 -1.150999999999999940e-01 -2.057799999999999907e-01 3.789999999999999966e-03
-1.325999999999999922e-02 -9.879999999999999893e-02 2.200000000000000078e-04 1.562399999999999900e-01 5.453799999999999759e-01 -6.470000000000000057e-03 3.264000000000000234e-02 3.409999999999999837e-03 -3.229999999999999798e-03 -3.109999999999999917e-02 7.519999999999999775e-03 3.510000000000000099e-03 -6.499999999999999702e-04 5.000000000000000104e-03 -4.800000000000000122e-04 -1.438800000000000079e-01 -4.625099999999999767e-01 6.440000000000000412e-03
4.789999999999999987e-03 1.979999999999999989e-03 -5.988000000000000267e-02 -6.740000000000000331e-03 -6.470000000000000057e-03 3.463999999999999718e-02 -1.618999999999999953e-02 -5.699999999999999772e-04 2.860000000000000129e-03 -1.376999999999999925e-02 4.179999999999999688e-03 6.179999999999999730e-03 3.106000000000000080e-02 -2.729999999999999788e-03 1.230999999999999976e-02 8.499999999999999526e-04 3.609999999999999928e-03 3.899999999999999821e-03
-7.018000000000000627e-02 4.961000000000000132e-02 -2.587000000000000063e-02 -2.792000000000000037e-02 3.264000000000000234e-02 -1.618999999999999953e-02 8.488999999999999324e-02 -6.654000000000000192e-02 3.223999999999999783e-02 5.009999999999999697e-03 -9.360000000000000264e-03 6.470000000000000057e-03 5.550000000000000246e-03 -9.209999999999999437e-03 3.370000000000000166e-03 2.650000000000000012e-03 2.850000000000000103e-03 -2.000000000000000164e-05
5.630999999999999894e-02 -2.459099999999999897e-01 9.490999999999999437e-02 4.360000000000000160e-03 3.409999999999999837e-03 -5.699999999999999772e-04 -6.654000000000000192e-02 2.595600000000000129e-01 -1.059599999999999986e-01 6.150000000000000085e-03 -1.952999999999999875e-02 1.286999999999999950e-02 -5.599999999999999509e-04 -1.600000000000000131e-04 -1.900000000000000105e-04 2.799999999999999755e-04 2.629999999999999959e-03 -1.049999999999999935e-03
-2.750999999999999973e-02 9.585000000000000464e-02 -1.027799999999999964e-01 -2.170000000000000054e-03 -3.229999999999999798e-03 2.860000000000000129e-03 3.223999999999999783e-02 -1.059599999999999986e-01 1.016500000000000042e-01 5.629999999999999588e-03 -1.593999999999999931e-02 9.429999999999999147e-03 -7.300000000000000065e-03 2.920000000000000026e-02 -1.268000000000000030e-02 -8.899999999999999491e-04 9.000000000000000567e-05 1.520000000000000084e-03
-7.928000000000000325e-02 -6.661000000000000254e-02 -4.621999999999999720e-02 -2.892000000000000126e-02 -3.109999999999999917e-02 -1.376999999999999925e-02 5.009999999999999697e-03 6.150000000000000085e-03 5.629999999999999588e-03 1.035599999999999993e-01 8.286999999999999922e-02 5.449999999999999983e-02 6.320000000000000097e-03 7.889999999999999444e-03 4.479999999999999608e-03 -6.700000000000000226e-03 8.099999999999999561e-04 -4.610000000000000382e-03
-7.488999999999999824e-02 -2.177800000000000014e-01 -1.092100000000000015e-01 -1.430000000000000064e-03 7.519999999999999775e-03 4.179999999999999688e-03 -9.360000000000000264e-03 -1.952999999999999875e-02 -1.593999999999999931e-02 8.286999999999999922e-02 2.254400000000000015e-01 1.195800000000000057e-01 1.190000000000000085e-03 2.540000000000000157e-03 1.860000000000000108e-03 1.619999999999999912e-03 1.809999999999999977e-03 -4.600000000000000139e-04
-5.059000000000000302e-02 -1.103699999999999959e-01 -1.290399999999999880e-01 -1.549999999999999946e-03 3.510000000000000099e-03 6.179999999999999730e-03 6.470000000000000057e-03 1.286999999999999950e-02 9.429999999999999147e-03 5.449999999999999983e-02 1.195800000000000057e-01 1.300399999999999889e-01 -1.010999999999999920e-02 -2.636000000000000149e-02 -1.601999999999999952e-02 1.289999999999999914e-03 7.600000000000000418e-04 -5.900000000000000296e-04
-7.384999999999999898e-02 -3.910000000000000281e-03 7.204000000000000681e-02 -3.302999999999999686e-02 -6.499999999999999702e-04 3.106000000000000080e-02 5.550000000000000246e-03 -5.599999999999999509e-04 -7.300000000000000065e-03 6.320000000000000097e-03 1.190000000000000085e-03 -1.010999999999999920e-02 9.643999999999999795e-02 2.360000000000000119e-03 -8.855999999999999983e-02 -1.430000000000000064e-03 1.569999999999999998e-03 2.870000000000000155e-03
-4.190000000000000148e-03 -5.761999999999999761e-02 8.009999999999999759e-03 3.330000000000000061e-03 5.000000000000000104e-03 -2.729999999999999788e-03 -9.209999999999999437e-03 -1.600000000000000131e-04 2.920000000000000026e-02 7.889999999999999444e-03 2.540000000000000157e-03 -2.636000000000000149e-02 2.360000000000000119e-03 5.081000000000000100e-02 -8.680000000000000215e-03 -1.900000000000000105e-04 -5.599999999999999509e-04 5.500000000000000331e-04
7.359999999999999876e-02 8.219999999999999876e-03 -2.788399999999999768e-01 7.420000000000000380e-03 -4.800000000000000122e-04 1.230999999999999976e-02 3.370000000000000166e-03 -1.900000000000000105e-04 -1.268000000000000030e-02 4.479999999999999608e-03 1.860000000000000108e-03 -1.601999999999999952e-02 -8.855999999999999983e-02 -8.680000000000000215e-03 2.958000000000000074e-01 -3.099999999999999999e-04 -7.299999999999999632e-04 -5.599999999999999509e-04
-2.470999999999999933e-02 -4.370999999999999885e-02 -1.280000000000000105e-03 -1.150999999999999940e-01 -1.438800000000000079e-01 8.499999999999999526e-04 2.650000000000000012e-03 2.799999999999999755e-04 -8.899999999999999491e-04 -6.700000000000000226e-03 1.619999999999999912e-03 1.289999999999999914e-03 -1.430000000000000064e-03 -1.900000000000000105e-04 -3.099999999999999999e-04 1.452799999999999925e-01 1.858799999999999897e-01 3.299999999999999982e-04
1.467000000000000075e-02 2.880000000000000181e-03 -4.400000000000000157e-04 -2.057799999999999907e-01 -4.625099999999999767e-01 3.609999999999999928e-03 2.850000000000000103e-03 2.629999999999999959e-03 9.000000000000000567e-05 8.099999999999999561e-04 1.809999999999999977e-03 7.600000000000000418e-04 1.569999999999999998e-03 -5.599999999999999509e-04 -7.299999999999999632e-04 1.858799999999999897e-01 4.557399999999999785e-01 -3.299999999999999982e-03
-2.350000000000000092e-03 -2.190000000000000106e-03 -4.349999999999999700e-03 3.789999999999999966e-03 6.440000000000000412e-03 3.899999999999999821e-03 -2.000000000000000164e-05 -1.049999999999999935e-03 1.520000000000000084e-03 -4.610000000000000382e-03 -4.600000000000000139e-04 -5.900000000000000296e-04 2.870000000000000155e-03 5.500000000000000331e-04 -5.599999999999999509e-04 3.299999999999999982e-04 -3.299999999999999982e-03 8.000000000000000654e-05

Sampling point5
Energy
0.11111498505224753
Geometry
 6

C    0.658545  -0.018742  -0.000098
O   -0.744909   0.122331   0.000450
H    1.014813  -0.707632  -0.779789
H    1.079550   0.969831  -0.197267
H    1.044760  -0.368661   0.969321
H   -1.131118  -0.759736   0.004723
Gradient
9.338100000000000599e-05 9.302299999999999892e-04 -1.000893000000000095e-03
-2.043200000000000021e-05 -2.090949999999999894e-04 1.433781999999999982e-03
-7.190999999999999422e-05 -7.162849999999999903e-04 6.004310000000000116e-04
-1.230000000000000029e-07 9.899999999999999976e-08 3.500000000000000239e-08
-8.399999999999999779e-08 -1.489999999999999975e-07 3.339999999999999997e-07
-8.330000000000000078e-07 -4.799000000000000131e-06 -1.033688999999999962e-03
Hessian
5.156500000000000528e-01 2.305000000000000104e-02 -1.100000000000000066e-03 -2.674699999999999855e-01 -8.580000000000000820e-03 -2.500000000000000052e-03 -7.090000000000000469e-02 4.245000000000000162e-02 4.814999999999999836e-02 -8.037999999999999312e-02 -9.128999999999999615e-02 1.837000000000000091e-02 -7.219000000000000417e-02 2.185000000000000137e-02 -6.408999999999999420e-02 -2.470999999999999933e-02 1.251000000000000029e-02 1.170000000000000033e-03
2.305000000000000104e-02 6.212499999999999689e-01 -2.249999999999999830e-03 4.259000000000000286e-02 -9.976000000000000145e-02 -8.800000000000000313e-04 3.869999999999999829e-02 -1.561899999999999955e-01 -1.147799999999999931e-01 -7.913000000000000589e-02 -2.858499999999999930e-01 4.621000000000000107e-02 2.036999999999999922e-02 -8.198999999999999344e-02 7.056999999999999384e-02 -4.558000000000000246e-02 2.550000000000000183e-03 1.129999999999999928e-03
-1.100000000000000066e-03 -2.249999999999999830e-03 5.712500000000000355e-01 1.499999999999999869e-04 8.000000000000000654e-05 -6.382000000000000173e-02 4.649999999999999967e-02 -1.134799999999999975e-01 -1.869599999999999873e-01 1.627999999999999933e-02 4.580000000000000043e-02 -6.339000000000000190e-02 -6.283999999999999309e-02 6.965999999999999970e-02 -2.558300000000000018e-01 1.010000000000000047e-03 1.800000000000000113e-04 -1.260000000000000052e-03
-2.674699999999999855e-01 4.259000000000000286e-02 1.499999999999999869e-04 4.692000000000000060e-01 1.457700000000000107e-01 2.550000000000000183e-03 -2.992999999999999827e-02 5.669999999999999693e-03 4.479999999999999608e-03 -2.704000000000000153e-02 -8.000000000000000383e-04 8.000000000000000654e-05 -3.191999999999999699e-02 5.470000000000000036e-03 -6.640000000000000069e-03 -1.128399999999999959e-01 -1.987099999999999977e-01 -6.300000000000000261e-04
-8.580000000000000820e-03 -9.976000000000000145e-02 8.000000000000000654e-05 1.457700000000000107e-01 5.435699999999999976e-01 -1.100000000000000039e-04 2.511999999999999997e-02 3.089999999999999865e-03 3.439999999999999915e-03 -3.701999999999999735e-02 8.410000000000000808e-03 -1.490000000000000005e-03 1.367999999999999945e-02 3.739999999999999835e-03 -1.719999999999999958e-03 -1.389700000000000102e-01 -4.590500000000000136e-01 -2.000000000000000096e-04
-2.500000000000000052e-03 -8.800000000000000313e-04 -6.382000000000000173e-02 2.550000000000000183e-03 -1.100000000000000039e-04 4.614999999999999658e-02 2.641999999999999904e-02 -1.600000000000000131e-04 7.280000000000000013e-03 4.689999999999999725e-03 -1.809999999999999977e-03 2.380000000000000171e-03 -3.164999999999999758e-02 1.619999999999999912e-03 1.068999999999999985e-02 4.899999999999999842e-04 1.340000000000000045e-03 -2.680000000000000090e-03
