N  
H  1    R1 
H  1    R2  2    A2 
H  1    R3  2    A3  3    D3 

R1   =   1.024799
R2   =   1.024799
A2   = 104.307000
R3   =   1.024799
A3   = 104.307000
D3   = 109.163000