C  
H  1    R1 
H  1    R2  2    A2 
H  1    R3  2    A3  3    D3 
H  1    R4  2    A4  3    D4 
X  5    R5  1    A5  2    D5 
H  5    R6  6    A6  1    D6 

R1   =   1.088400
R2   =   1.088400
A2   = 114.918100
R3   =   1.088300
A3   = 114.938600
D3   = 136.789200
R4   =   1.423300
A4   = 103.260600
D4   = 248.409800
D6   = 180.050800
A6   =  90.050300
R6   =   0.890200
R5   =   1.000000
A5   =  90.000000
D5   = 180.000000