C  
H  1    R1 
H  1    R2  2    A2 
H  1    R3  2    A3  3    D3 
H  1    R4  2    A4  3    D4 
X  5    R5  1    A5  2    D5 
H  5    R6  6    A6  1    D6 

R1   =   1.093300
R2   =   1.093300
A2   = 109.714400
R3   =   1.093300
A3   = 109.701900
D3   = 120.569300
R4   =   1.101400
A4   = 109.246700
D4   = 240.267900
A6   =  89.964000
D6   = 180.000600
A5   =  90.000000
D5   = 180.000000
R5   =   1.000000
R6   =   1.740000