C  
H  1    R1 
H  1    R2  2    A2 
H  1    R3  2    A3  3    D3 
H  1    R4  2    A4  3    D4 
X  5    R5  1    A5  2    D5 
H  5    R6  6    A6  1    D6 

R1   =   1.082800
R2   =   1.082800
A2   = 119.911900
R3   =   1.082800
A3   = 119.913800
D3   = 174.266000
R4   =   2.565100
A4   =  91.171600
D4   = 267.498700
D6   = 179.832700
A6   =  90.196200
R5   =   1.000000
A5   =  90.000000
D5   = 180.000000
R6   =   0.882900